model_name,subtask,correct_confidence,incorrect_confidence,md5_hash,datetime
