mean: 0.8307070707070707 vs 0.46555555555555556
std: 0.11142513511573919 vs 0.11637007477008125
p-value: 4.922588407911983e-38
t-statistic: 18.41251794191564
