mean: 0.8400308641975308 vs 0.4795370370370369
std: 0.11110578582265539 vs 0.12125750294525355
p-value: 6.87439758105607e-40
t-statistic: 18.59933788245822
