mean: 0.8247311827956989 vs 0.45849462365591404
std: 0.11141995973340398 vs 0.11559252189550177
p-value: 4.6396700183037475e-36
t-statistic: 17.961783342490225
