mean: 0.8445089054474701 vs 0.4871512700280207
std: 0.11070917461830775 vs 0.12420871013791378
p-value: 1.4386670411430258e-40
t-statistic: 18.600162046996072
