mean: 0.8395405845323135 vs 0.4921221759794938
std: 0.12140586543599144 vs 0.11974304260613337
p-value: 1.0262665557980633e-38
t-statistic: 17.761473671346465
