mean: 0.8446518518518519 vs 0.48613333333333336
std: 0.1112060695331515 vs 0.12391879545842861
p-value: 1.1032877744231368e-40
t-statistic: 18.647679357725604
