mean: 0.8152727272727273 vs 0.4430303030303031
std: 0.1132510429445175 vs 0.10930245108730399
p-value: 2.2003307346657756e-33
t-statistic: 17.53959048786797
