mean: 0.16494623655913973 vs 0.09169892473118274
std: 0.022283991946680803 vs 0.02311850437910035
p-value: 4.6396700183037475e-36
t-statistic: 17.961783342490225
