mean: 0.8182456140350879 vs 0.44374269005847955
std: 0.11302146386816941 vs 0.10748951623932691
p-value: 4.245126189425382e-35
t-statistic: 18.127620439028494
