mean: 0.8269791666666666 vs 0.4603125
std: 0.11106303523411587 vs 0.11423809220552653
p-value: 1.5661453605577185e-37
t-statistic: 18.410684234461385
