mean: 0.8234444444444443 vs 0.45488888888888895
std: 0.11245918559351459 vs 0.11561587589761682
p-value: 5.280834367890885e-35
t-statistic: 17.7000377006353
