mean: 0.8384037558685445 vs 0.4773708920187793
std: 0.11102929247798106 vs 0.120709431376182
p-value: 1.539399511606392e-39
t-statistic: 18.5487108617354
